623
198
887
312
761
529
404
915
682
157
977
369
599
833
231
512
765
348
913
657
800
224
574
105
701
438
848
273
328
754
974
143
673
839
455
298
765
510
627
907
854
203
437
692
926
579
421
805
389
643
159
936
723
265
484
865
315
734
109
492
660
221
402
756
825
534
408
918
682
147
980
371
604
837
232
521
768
352
916
659
803
226
577
108
704
440
851
275
330
757
978
145
676
841
457
300
768
513
629
910
